============================================================
CableTool15 - From Survey to Confidence
CT006 Compare Conductors - Prototype 1
Version 0.6.0
============================================================

STRING A : CABLE REF
STRING B : SAG CHK 2 MID

FIT METHOD
  Both strings use endpoint-constrained true catenary fitting.
  Each string retains its own surveyed Attachment A/B coordinates.
  Comparison is at equal fractional position through each span.

STRING A FIT
  Horizontal span        : 220.055 m
  Lowest point chainage  : 106.555 m
  Lowest point RL        : 136.871 m
  Interior RMS residual  : 0.0259 m
  Maximum residual       : 0.0585 m

STRING B FIT
  Horizontal span        : 219.871 m
  Lowest point chainage  : 106.145 m
  Lowest point RL        : 142.264 m
  Interior RMS residual  : 0.0297 m
  Maximum residual       : 0.0642 m

Frac     Ch A(m)     Ch B(m)       RL A        RL B      dZ(B-A)     3D Sep(m)
--------------------------------------------------------------------------------
0.000       0.000       0.000     142.156     147.741        5.585        5.586
0.002       0.500       0.500     142.106     147.690        5.583        5.584
0.005       1.000       0.999     142.057     147.638        5.581        5.582
0.007       1.500       1.499     142.008     147.587        5.579        5.580
0.009       2.001       1.999     141.959     147.537        5.577        5.578
0.011       2.501       2.499     141.911     147.486        5.575        5.577
0.014       3.001       2.998     141.862     147.436        5.573        5.575
0.016       3.501       3.498     141.814     147.386        5.572        5.573
0.018       4.001       3.998     141.766     147.336        5.570        5.571
0.020       4.501       4.497     141.719     147.286        5.568        5.569
0.023       5.001       4.997     141.671     147.237        5.566        5.567
0.025       5.501       5.497     141.624     147.188        5.564        5.565
0.027       6.002       5.996     141.577     147.139        5.562        5.563
0.030       6.502       6.496     141.530     147.091        5.560        5.562
0.032       7.002       6.996     141.484     147.042        5.559        5.560
0.034       7.502       7.496     141.438     146.994        5.557        5.558
0.036       8.002       7.995     141.392     146.946        5.555        5.556
0.039       8.502       8.495     141.346     146.899        5.553        5.554
0.041       9.002       8.995     141.300     146.851        5.551        5.553
0.043       9.502       9.494     141.255     146.804        5.550        5.551
0.045      10.003       9.994     141.210     146.758        5.548        5.549
0.048      10.503      10.494     141.165     146.711        5.546        5.547
0.050      11.003      10.994     141.120     146.665        5.544        5.545
0.052      11.503      11.493     141.076     146.618        5.543        5.544
0.055      12.003      11.993     141.032     146.573        5.541        5.542
0.057      12.503      12.493     140.988     146.527        5.539        5.540
0.059      13.003      12.992     140.944     146.482        5.537        5.539
0.061      13.503      13.492     140.901     146.436        5.536        5.537
0.064      14.004      13.992     140.857     146.391        5.534        5.535
0.066      14.504      14.492     140.814     146.347        5.532        5.533
0.068      15.004      14.991     140.772     146.302        5.531        5.532
0.070      15.504      15.491     140.729     146.258        5.529        5.530
0.073      16.004      15.991     140.687     146.214        5.527        5.529
0.075      16.504      16.490     140.645     146.171        5.526        5.527
0.077      17.004      16.990     140.603     146.127        5.524        5.525
0.080      17.504      17.490     140.561     146.084        5.523        5.524
0.082      18.005      17.989     140.520     146.041        5.521        5.522
0.084      18.505      18.489     140.479     145.998        5.519        5.520
0.086      19.005      18.989     140.438     145.956        5.518        5.519
0.089      19.505      19.489     140.397     145.914        5.516        5.517
0.091      20.005      19.988     140.357     145.872        5.515        5.516
0.093      20.505      20.488     140.317     145.830        5.513        5.514
0.095      21.005      20.988     140.277     145.788        5.511        5.513
0.098      21.505      21.487     140.237     145.747        5.510        5.511
0.100      22.006      21.987     140.198     145.706        5.508        5.510
0.102      22.506      22.487     140.158     145.665        5.507        5.508
0.105      23.006      22.987     140.119     145.625        5.505        5.507
0.107      23.506      23.486     140.080     145.584        5.504        5.505
0.109      24.006      23.986     140.042     145.544        5.502        5.504
0.111      24.506      24.486     140.004     145.505        5.501        5.502
0.114      25.006      24.985     139.966     145.465        5.499        5.501
0.116      25.506      25.485     139.928     145.426        5.498        5.499
0.118      26.007      25.985     139.890     145.387        5.497        5.498
0.120      26.507      26.484     139.853     145.348        5.495        5.496
0.123      27.007      26.984     139.816     145.309        5.494        5.495
0.125      27.507      27.484     139.779     145.271        5.492        5.493
0.127      28.007      27.984     139.742     145.233        5.491        5.492
0.130      28.507      28.483     139.705     145.195        5.490        5.491
0.132      29.007      28.983     139.669     145.157        5.488        5.489
0.134      29.507      29.483     139.633     145.120        5.487        5.488
0.136      30.008      29.982     139.597     145.083        5.485        5.486
0.139      30.508      30.482     139.562     145.046        5.484        5.485
0.141      31.008      30.982     139.527     145.009        5.483        5.484
0.143      31.508      31.482     139.492     144.973        5.481        5.482
0.145      32.008      31.981     139.457     144.937        5.480        5.481
0.148      32.508      32.481     139.422     144.901        5.479        5.480
0.150      33.008      32.981     139.388     144.865        5.477        5.478
0.152      33.508      33.480     139.354     144.830        5.476        5.477
0.155      34.009      33.980     139.320     144.795        5.475        5.476
0.157      34.509      34.480     139.286     144.760        5.474        5.475
0.159      35.009      34.979     139.253     144.725        5.472        5.473
0.161      35.509      35.479     139.220     144.691        5.471        5.472
0.164      36.009      35.979     139.187     144.656        5.470        5.471
0.166      36.509      36.479     139.154     144.622        5.469        5.470
0.168      37.009      36.978     139.121     144.589        5.467        5.468
0.170      37.509      37.478     139.089     144.555        5.466        5.467
0.173      38.010      37.978     139.057     144.522        5.465        5.466
0.175      38.510      38.477     139.025     144.489        5.464        5.465
0.177      39.010      38.977     138.994     144.456        5.462        5.464
0.180      39.510      39.477     138.962     144.424        5.461        5.462
0.182      40.010      39.977     138.931     144.391        5.460        5.461
0.184      40.510      40.476     138.900     144.359        5.459        5.460
0.186      41.010      40.976     138.870     144.328        5.458        5.459
0.189      41.510      41.476     138.839     144.296        5.457        5.458
0.191      42.011      41.975     138.809     144.265        5.456        5.457
0.193      42.511      42.475     138.779     144.234        5.454        5.456
0.195      43.011      42.975     138.750     144.203        5.453        5.454
0.198      43.511      43.475     138.720     144.172        5.452        5.453
0.200      44.011      43.974     138.691     144.142        5.451        5.452
0.202      44.511      44.474     138.662     144.112        5.450        5.451
0.205      45.011      44.974     138.633     144.082        5.449        5.450
0.207      45.511      45.473     138.605     144.053        5.448        5.449
0.209      46.012      45.973     138.576     144.023        5.447        5.448
0.211      46.512      46.473     138.548     143.994        5.446        5.447
0.214      47.012      46.972     138.520     143.965        5.445        5.446
0.216      47.512      47.472     138.493     143.937        5.444        5.445
0.218      48.012      47.972     138.466     143.908        5.443        5.444
0.220      48.512      48.472     138.438     143.880        5.442        5.443
0.223      49.012      48.971     138.411     143.852        5.441        5.442
0.225      49.512      49.471     138.385     143.825        5.440        5.441
0.227      50.013      49.971     138.358     143.797        5.439        5.440
0.230      50.513      50.470     138.332     143.770        5.438        5.439
0.232      51.013      50.970     138.306     143.743        5.437        5.438
0.234      51.513      51.470     138.281     143.717        5.436        5.437
0.236      52.013      51.970     138.255     143.690        5.435        5.436
0.239      52.513      52.469     138.230     143.664        5.434        5.435
0.241      53.013      52.969     138.205     143.638        5.433        5.434
0.243      53.513      53.469     138.180     143.612        5.432        5.433
0.245      54.014      53.968     138.155     143.587        5.432        5.433
0.248      54.514      54.468     138.131     143.562        5.431        5.432
0.250      55.014      54.968     138.107     143.537        5.430        5.431
0.252      55.514      55.467     138.083     143.512        5.429        5.430
0.255      56.014      55.967     138.059     143.487        5.428        5.429
0.257      56.514      56.467     138.036     143.463        5.427        5.428
0.259      57.014      56.967     138.013     143.439        5.426        5.427
0.261      57.514      57.466     137.990     143.415        5.426        5.427
0.264      58.015      57.966     137.967     143.392        5.425        5.426
0.266      58.515      58.466     137.945     143.369        5.424        5.425
0.268      59.015      58.965     137.922     143.346        5.423        5.424
0.270      59.515      59.465     137.900     143.323        5.422        5.423
0.273      60.015      59.965     137.879     143.300        5.422        5.423
0.275      60.515      60.465     137.857     143.278        5.421        5.422
0.277      61.015      60.964     137.836     143.256        5.420        5.421
0.280      61.515      61.464     137.815     143.234        5.419        5.420
0.282      62.016      61.964     137.794     143.213        5.419        5.420
0.284      62.516      62.463     137.773     143.191        5.418        5.419
0.286      63.016      62.963     137.753     143.170        5.417        5.418
0.289      63.516      63.463     137.733     143.149        5.417        5.418
0.291      64.016      63.963     137.713     143.129        5.416        5.417
0.293      64.516      64.462     137.693     143.108        5.415        5.416
0.295      65.016      64.962     137.674     143.088        5.414        5.416
0.298      65.516      65.462     137.655     143.068        5.414        5.415
0.300      66.017      65.961     137.636     143.049        5.413        5.414
0.302      66.517      66.461     137.617     143.029        5.413        5.414
0.305      67.017      66.961     137.598     143.010        5.412        5.413
0.307      67.517      67.460     137.580     142.991        5.411        5.412
0.309      68.017      67.960     137.562     142.973        5.411        5.412
0.311      68.517      68.460     137.544     142.954        5.410        5.411
0.314      69.017      68.960     137.527     142.936        5.409        5.411
0.316      69.517      69.459     137.509     142.918        5.409        5.410
0.318      70.018      69.959     137.492     142.900        5.408        5.409
0.320      70.518      70.459     137.475     142.883        5.408        5.409
0.323      71.018      70.958     137.459     142.866        5.407        5.408
0.325      71.518      71.458     137.442     142.849        5.407        5.408
0.327      72.018      71.958     137.426     142.832        5.406        5.407
0.330      72.518      72.458     137.410     142.816        5.406        5.407
0.332      73.018      72.957     137.394     142.799        5.405        5.406
0.334      73.518      73.457     137.379     142.783        5.405        5.406
0.336      74.019      73.957     137.364     142.768        5.404        5.405
0.339      74.519      74.456     137.349     142.752        5.404        5.405
0.341      75.019      74.956     137.334     142.737        5.403        5.404
0.343      75.519      75.456     137.319     142.722        5.403        5.404
0.345      76.019      75.955     137.305     142.707        5.402        5.403
0.348      76.519      76.455     137.291     142.693        5.402        5.403
0.350      77.019      76.955     137.277     142.678        5.401        5.402
0.352      77.519      77.455     137.263     142.664        5.401        5.402
0.355      78.020      77.954     137.250     142.650        5.400        5.402
0.357      78.520      78.454     137.237     142.637        5.400        5.401
0.359      79.020      78.954     137.224     142.624        5.400        5.401
0.361      79.520      79.453     137.211     142.610        5.399        5.400
0.364      80.020      79.953     137.199     142.598        5.399        5.400
0.366      80.520      80.453     137.186     142.585        5.399        5.400
0.368      81.020      80.953     137.174     142.573        5.398        5.399
0.370      81.520      81.452     137.163     142.561        5.398        5.399
0.373      82.021      81.952     137.151     142.549        5.398        5.399
0.375      82.521      82.452     137.140     142.537        5.397        5.398
0.377      83.021      82.951     137.129     142.526        5.397        5.398
0.380      83.521      83.451     137.118     142.515        5.397        5.398
0.382      84.021      83.951     137.107     142.504        5.396        5.397
0.384      84.521      84.450     137.097     142.493        5.396        5.397
0.386      85.021      84.950     137.087     142.483        5.396        5.397
0.389      85.521      85.450     137.077     142.472        5.395        5.397
0.391      86.022      85.950     137.067     142.462        5.395        5.396
0.393      86.522      86.449     137.058     142.453        5.395        5.396
0.395      87.022      86.949     137.049     142.443        5.395        5.396
0.398      87.522      87.449     137.040     142.434        5.395        5.396
0.400      88.022      87.948     137.031     142.425        5.394        5.395
0.402      88.522      88.448     137.022     142.417        5.394        5.395
0.405      89.022      88.948     137.014     142.408        5.394        5.395
0.407      89.522      89.448     137.006     142.400        5.394        5.395
0.409      90.023      89.947     136.998     142.392        5.394        5.395
0.411      90.523      90.447     136.991     142.384        5.393        5.395
0.414      91.023      90.947     136.983     142.377        5.393        5.394
0.416      91.523      91.446     136.976     142.369        5.393        5.394
0.418      92.023      91.946     136.969     142.362        5.393        5.394
0.420      92.523      92.446     136.963     142.356        5.393        5.394
0.423      93.023      92.946     136.956     142.349        5.393        5.394
0.425      93.523      93.445     136.950     142.343        5.393        5.394
0.427      94.024      93.945     136.944     142.337        5.392        5.394
0.430      94.524      94.445     136.938     142.331        5.392        5.394
0.432      95.024      94.944     136.933     142.325        5.392        5.393
0.434      95.524      95.444     136.928     142.320        5.392        5.393
0.436      96.024      95.944     136.923     142.315        5.392        5.393
0.439      96.524      96.443     136.918     142.310        5.392        5.393
0.441      97.024      96.943     136.913     142.306        5.392        5.393
0.443      97.524      97.443     136.909     142.301        5.392        5.393
0.445      98.025      97.943     136.905     142.297        5.392        5.393
0.448      98.525      98.442     136.901     142.293        5.392        5.393
0.450      99.025      98.942     136.898     142.290        5.392        5.393
0.452      99.525      99.442     136.894     142.286        5.392        5.393
0.455     100.025      99.941     136.891     142.283        5.392        5.393
0.457     100.525     100.441     136.888     142.280        5.392        5.393
0.459     101.025     100.941     136.885     142.278        5.392        5.393
0.461     101.525     101.441     136.883     142.275        5.392        5.393
0.464     102.026     101.940     136.881     142.273        5.392        5.393
0.466     102.526     102.440     136.879     142.271        5.392        5.394
0.468     103.026     102.940     136.877     142.269        5.392        5.394
0.470     103.526     103.439     136.875     142.268        5.393        5.394
0.473     104.026     103.939     136.874     142.267        5.393        5.394
0.475     104.526     104.439     136.873     142.266        5.393        5.394
0.477     105.026     104.938     136.872     142.265        5.393        5.394
0.480     105.526     105.438     136.872     142.265        5.393        5.394
0.482     106.027     105.938     136.871     142.264        5.393        5.394
0.484     106.527     106.438     136.871     142.264        5.393        5.395
0.486     107.027     106.937     136.871     142.265        5.393        5.395
0.489     107.527     107.437     136.872     142.265        5.394        5.395
0.491     108.027     107.937     136.872     142.266        5.394        5.395
0.493     108.527     108.436     136.873     142.267        5.394        5.395
0.495     109.027     108.936     136.874     142.268        5.394        5.395
0.498     109.527     109.436     136.875     142.270        5.394        5.396
0.500     110.028     109.936     136.877     142.271        5.395        5.396
0.502     110.528     110.435     136.879     142.273        5.395        5.396
0.505     111.028     110.935     136.880     142.276        5.395        5.396
0.507     111.528     111.435     136.883     142.278        5.395        5.397
0.509     112.028     111.934     136.885     142.281        5.396        5.397
0.511     112.528     112.434     136.888     142.284        5.396        5.397
0.514     113.028     112.934     136.891     142.287        5.396        5.397
0.516     113.528     113.433     136.894     142.290        5.396        5.398
0.518     114.029     113.933     136.897     142.294        5.397        5.398
0.520     114.529     114.433     136.901     142.298        5.397        5.398
0.523     115.029     114.933     136.905     142.302        5.397        5.399
0.525     115.529     115.432     136.909     142.306        5.398        5.399
0.527     116.029     115.932     136.913     142.311        5.398        5.399
0.530     116.529     116.432     136.917     142.316        5.398        5.400
0.532     117.029     116.931     136.922     142.321        5.399        5.400
0.534     117.529     117.431     136.927     142.326        5.399        5.400
0.536     118.030     117.931     136.932     142.332        5.399        5.401
0.539     118.530     118.431     136.938     142.338        5.400        5.401
0.541     119.030     118.930     136.944     142.344        5.400        5.402
0.543     119.530     119.430     136.949     142.350        5.401        5.402
0.545     120.030     119.930     136.956     142.357        5.401        5.402
0.548     120.530     120.429     136.962     142.363        5.401        5.403
0.550     121.030     120.929     136.969     142.371        5.402        5.403
0.552     121.530     121.429     136.975     142.378        5.402        5.404
0.555     122.031     121.929     136.983     142.385        5.403        5.404
0.557     122.531     122.428     136.990     142.393        5.403        5.405
0.559     123.031     122.928     136.997     142.401        5.404        5.405
0.561     123.531     123.428     137.005     142.409        5.404        5.406
0.564     124.031     123.927     137.013     142.418        5.405        5.406
0.566     124.531     124.427     137.021     142.427        5.405        5.407
0.568     125.031     124.927     137.030     142.436        5.406        5.407
0.570     125.531     125.426     137.039     142.445        5.406        5.408
0.573     126.032     125.926     137.048     142.454        5.407        5.408
0.575     126.532     126.426     137.057     142.464        5.407        5.409
0.577     127.032     126.926     137.066     142.474        5.408        5.409
0.580     127.532     127.425     137.076     142.484        5.409        5.410
0.582     128.032     127.925     137.086     142.495        5.409        5.410
0.584     128.532     128.425     137.096     142.505        5.410        5.411
0.586     129.032     128.924     137.106     142.516        5.410        5.412
0.589     129.532     129.424     137.117     142.528        5.411        5.412
0.591     130.033     129.924     137.128     142.539        5.411        5.413
0.593     130.533     130.424     137.139     142.551        5.412        5.414
0.595     131.033     130.923     137.150     142.563        5.413        5.414
0.598     131.533     131.423     137.161     142.575        5.413        5.415
0.600     132.033     131.923     137.173     142.587        5.414        5.415
0.602     132.533     132.422     137.185     142.600        5.415        5.416
0.605     133.033     132.922     137.197     142.613        5.415        5.417
0.607     133.533     133.422     137.210     142.626        5.416        5.418
0.609     134.034     133.921     137.222     142.639        5.417        5.418
0.611     134.534     134.421     137.235     142.653        5.417        5.419
0.614     135.034     134.921     137.248     142.667        5.418        5.420
0.616     135.534     135.421     137.262     142.681        5.419        5.420
0.618     136.034     135.920     137.275     142.695        5.420        5.421
0.620     136.534     136.420     137.289     142.710        5.420        5.422
0.623     137.034     136.920     137.303     142.724        5.421        5.423
0.625     137.534     137.419     137.318     142.739        5.422        5.423
0.627     138.035     137.919     137.332     142.755        5.423        5.424
0.630     138.535     138.419     137.347     142.770        5.423        5.425
0.632     139.035     138.919     137.362     142.786        5.424        5.426
0.634     139.535     139.418     137.377     142.802        5.425        5.427
0.636     140.035     139.918     137.393     142.818        5.426        5.427
0.639     140.535     140.418     137.408     142.835        5.427        5.428
0.641     141.035     140.917     137.424     142.852        5.428        5.429
0.643     141.535     141.417     137.440     142.869        5.428        5.430
0.645     142.036     141.917     137.457     142.886        5.429        5.431
0.648     142.536     142.417     137.473     142.903        5.430        5.432
0.650     143.036     142.916     137.490     142.921        5.431        5.433
0.652     143.536     143.416     137.507     142.939        5.432        5.433
0.655     144.036     143.916     137.525     142.957        5.433        5.434
0.657     144.536     144.415     137.542     142.976        5.434        5.435
0.659     145.036     144.915     137.560     142.994        5.435        5.436
0.661     145.536     145.415     137.578     143.013        5.435        5.437
0.664     146.037     145.914     137.596     143.033        5.436        5.438
0.666     146.537     146.414     137.615     143.052        5.437        5.439
0.668     147.037     146.914     137.633     143.072        5.438        5.440
0.670     147.537     147.414     137.652     143.092        5.439        5.441
0.673     148.037     147.913     137.672     143.112        5.440        5.442
0.675     148.537     148.413     137.691     143.132        5.441        5.443
0.677     149.037     148.913     137.711     143.153        5.442        5.444
0.680     149.537     149.412     137.731     143.174        5.443        5.445
0.682     150.038     149.912     137.751     143.195        5.444        5.446
0.684     150.538     150.412     137.771     143.216        5.445        5.447
0.686     151.038     150.912     137.792     143.238        5.446        5.448
0.689     151.538     151.411     137.812     143.260        5.447        5.449
0.691     152.038     151.911     137.833     143.282        5.448        5.450
0.693     152.538     152.411     137.855     143.304        5.449        5.451
0.695     153.038     152.910     137.876     143.327        5.450        5.452
0.698     153.538     153.410     137.898     143.350        5.452        5.453
0.700     154.039     153.910     137.920     143.373        5.453        5.454
0.702     154.539     154.409     137.942     143.396        5.454        5.455
0.705     155.039     154.909     137.965     143.419        5.455        5.457
0.707     155.539     155.409     137.987     143.443        5.456        5.458
0.709     156.039     155.909     138.010     143.467        5.457        5.459
0.711     156.539     156.408     138.033     143.492        5.458        5.460
0.714     157.039     156.908     138.057     143.516        5.459        5.461
0.716     157.539     157.408     138.080     143.541        5.461        5.462
0.718     158.040     157.907     138.104     143.566        5.462        5.463
0.720     158.540     158.407     138.128     143.591        5.463        5.465
0.723     159.040     158.907     138.153     143.617        5.464        5.466
0.725     159.540     159.407     138.177     143.642        5.465        5.467
0.727     160.040     159.906     138.202     143.668        5.467        5.468
0.730     160.540     160.406     138.227     143.695        5.468        5.469
0.732     161.040     160.906     138.252     143.721        5.469        5.471
0.734     161.540     161.405     138.278     143.748        5.470        5.472
0.736     162.041     161.905     138.303     143.775        5.471        5.473
0.739     162.541     162.405     138.329     143.802        5.473        5.474
0.741     163.041     162.904     138.355     143.829        5.474        5.476
0.743     163.541     163.404     138.382     143.857        5.475        5.477
0.745     164.041     163.904     138.408     143.885        5.477        5.478
0.748     164.541     164.404     138.435     143.913        5.478        5.480
0.750     165.041     164.903     138.462     143.942        5.479        5.481
0.752     165.541     165.403     138.490     143.970        5.480        5.482
0.755     166.042     165.903     138.517     143.999        5.482        5.484
0.757     166.542     166.402     138.545     144.028        5.483        5.485
0.759     167.042     166.902     138.573     144.058        5.484        5.486
0.761     167.542     167.402     138.601     144.087        5.486        5.488
0.764     168.042     167.902     138.630     144.117        5.487        5.489
0.766     168.542     168.401     138.659     144.147        5.489        5.490
0.768     169.042     168.901     138.688     144.178        5.490        5.492
0.770     169.542     169.401     138.717     144.208        5.491        5.493
0.773     170.043     169.900     138.746     144.239        5.493        5.495
0.775     170.543     170.400     138.776     144.270        5.494        5.496
0.777     171.043     170.900     138.806     144.301        5.496        5.498
0.780     171.543     171.400     138.836     144.333        5.497        5.499
0.782     172.043     171.899     138.866     144.365        5.499        5.500
0.784     172.543     172.399     138.897     144.397        5.500        5.502
0.786     173.043     172.899     138.928     144.429        5.501        5.503
0.789     173.543     173.398     138.959     144.462        5.503        5.505
0.791     174.044     173.898     138.990     144.495        5.504        5.506
0.793     174.544     174.398     139.022     144.528        5.506        5.508
0.795     175.044     174.897     139.053     144.561        5.507        5.509
0.798     175.544     175.397     139.085     144.594        5.509        5.511
0.800     176.044     175.897     139.118     144.628        5.510        5.512
0.802     176.544     176.397     139.150     144.662        5.512        5.514
0.805     177.044     176.896     139.183     144.696        5.514        5.516
0.807     177.544     177.396     139.216     144.731        5.515        5.517
0.809     178.045     177.896     139.249     144.766        5.517        5.519
0.811     178.545     178.395     139.282     144.801        5.518        5.520
0.814     179.045     178.895     139.316     144.836        5.520        5.522
0.816     179.545     179.395     139.350     144.871        5.521        5.523
0.818     180.045     179.895     139.384     144.907        5.523        5.525
0.820     180.545     180.394     139.418     144.943        5.525        5.527
0.823     181.045     180.894     139.453     144.979        5.526        5.528
0.825     181.545     181.394     139.488     145.016        5.528        5.530
0.827     182.046     181.893     139.523     145.052        5.530        5.532
0.830     182.546     182.393     139.558     145.089        5.531        5.533
0.832     183.046     182.893     139.593     145.126        5.533        5.535
0.834     183.546     183.392     139.629     145.164        5.535        5.537
0.836     184.046     183.892     139.665     145.201        5.536        5.538
0.839     184.546     184.392     139.701     145.239        5.538        5.540
0.841     185.046     184.892     139.738     145.277        5.540        5.542
0.843     185.546     185.391     139.774     145.316        5.541        5.543
0.845     186.047     185.891     139.811     145.354        5.543        5.545
0.848     186.547     186.391     139.848     145.393        5.545        5.547
0.850     187.047     186.890     139.886     145.432        5.547        5.549
0.852     187.547     187.390     139.923     145.472        5.548        5.550
0.855     188.047     187.890     139.961     145.511        5.550        5.552
0.857     188.547     188.390     139.999     145.551        5.552        5.554
0.859     189.047     188.889     140.038     145.591        5.554        5.556
0.861     189.547     189.389     140.076     145.632        5.555        5.558
0.864     190.048     189.889     140.115     145.672        5.557        5.559
0.866     190.548     190.388     140.154     145.713        5.559        5.561
0.868     191.048     190.888     140.193     145.754        5.561        5.563
0.870     191.548     191.388     140.233     145.795        5.563        5.565
0.873     192.048     191.888     140.272     145.837        5.565        5.567
0.875     192.548     192.387     140.312     145.879        5.566        5.569
0.877     193.048     192.887     140.352     145.921        5.568        5.571
0.880     193.548     193.387     140.393     145.963        5.570        5.572
0.882     194.049     193.886     140.433     146.005        5.572        5.574
0.884     194.549     194.386     140.474     146.048        5.574        5.576
0.886     195.049     194.886     140.515     146.091        5.576        5.578
0.889     195.549     195.385     140.557     146.134        5.578        5.580
0.891     196.049     195.885     140.598     146.178        5.580        5.582
0.893     196.549     196.385     140.640     146.222        5.582        5.584
0.895     197.049     196.885     140.682     146.266        5.584        5.586
0.898     197.549     197.384     140.724     146.310        5.586        5.588
0.900     198.050     197.884     140.767     146.354        5.588        5.590
0.902     198.550     198.384     140.810     146.399        5.590        5.592
0.905     199.050     198.883     140.853     146.444        5.592        5.594
0.907     199.550     199.383     140.896     146.489        5.594        5.596
0.909     200.050     199.883     140.939     146.535        5.596        5.598
0.911     200.550     200.383     140.983     146.580        5.598        5.600
0.914     201.050     200.882     141.027     146.626        5.600        5.602
0.916     201.550     201.382     141.071     146.672        5.602        5.604
0.918     202.051     201.882     141.115     146.719        5.604        5.606
0.920     202.551     202.381     141.160     146.765        5.606        5.608
0.923     203.051     202.881     141.205     146.812        5.608        5.610
0.925     203.551     203.381     141.250     146.860        5.610        5.612
0.927     204.051     203.880     141.295     146.907        5.612        5.614
0.930     204.551     204.380     141.341     146.955        5.614        5.616
0.932     205.051     204.880     141.386     147.002        5.616        5.619
0.934     205.551     205.380     141.432     147.051        5.618        5.621
0.936     206.052     205.879     141.479     147.099        5.620        5.623
0.939     206.552     206.379     141.525     147.148        5.623        5.625
0.941     207.052     206.879     141.572     147.196        5.625        5.627
0.943     207.552     207.378     141.619     147.245        5.627        5.629
0.945     208.052     207.878     141.666     147.295        5.629        5.631
0.948     208.552     208.378     141.713     147.344        5.631        5.634
0.950     209.052     208.878     141.761     147.394        5.633        5.636
0.952     209.552     209.377     141.809     147.444        5.636        5.638
0.955     210.053     209.877     141.857     147.495        5.638        5.640
0.957     210.553     210.377     141.905     147.545        5.640        5.643
0.959     211.053     210.876     141.954     147.596        5.642        5.645
0.961     211.553     211.376     142.003     147.647        5.644        5.647
0.964     212.053     211.876     142.052     147.698        5.647        5.649
0.966     212.553     212.375     142.101     147.750        5.649        5.652
0.968     213.053     212.875     142.150     147.802        5.651        5.654
0.970     213.553     213.375     142.200     147.854        5.653        5.656
0.973     214.054     213.875     142.250     147.906        5.656        5.658
0.975     214.554     214.374     142.300     147.958        5.658        5.661
0.977     215.054     214.874     142.351     148.011        5.660        5.663
0.980     215.554     215.374     142.401     148.064        5.663        5.665
0.982     216.054     215.873     142.452     148.117        5.665        5.668
0.984     216.554     216.373     142.503     148.171        5.667        5.670
0.986     217.054     216.873     142.555     148.225        5.670        5.672
0.989     217.554     217.373     142.606     148.278        5.672        5.675
0.991     218.055     217.872     142.658     148.333        5.674        5.677
0.993     218.555     218.372     142.710     148.387        5.677        5.679
0.995     219.055     218.872     142.763     148.442        5.679        5.682
0.998     219.555     219.371     142.815     148.497        5.682        5.684
1.000     220.055     219.871     142.868     148.552        5.684        5.687
--------------------------------------------------------------------------------

COMPARISON SUMMARY
  Minimum 3D separation  : 5.393 m
  At fraction             : 0.4477
  String A chainage       : 98.525 m
  String B chainage       : 98.442 m
  Mean 3D separation      : 5.476 m

  Minimum abs vertical    : 5.392 m
  At fraction             : 0.4477
  Maximum abs vertical    : 5.684 m
  At fraction             : 1.0000
  Vertical difference RMS : 5.475 m

Prototype 1 is report-only.
No 12d elements are created or modified.
============================================================
