============================================================
CableTool15 - From Survey to Confidence
CT006 Compare Conductors - Prototype 2
Version 0.6.1
============================================================

STRING A : CABLE REF
STRING B : SAG CHC BOT R

FIT METHOD
  Both strings use endpoint-constrained true catenary fitting.
  Each string retains its own surveyed Attachment A/B coordinates.
  Comparison is at equal fractional position through each span.

STRING A FIT
  Horizontal span        : 220.055 m
  Lowest point chainage  : 106.555 m
  Lowest point RL        : 136.871 m
  Interior RMS residual  : 0.0259 m
  Maximum residual       : 0.0585 m

STRING B FIT
  Horizontal span        : 220.621 m
  Lowest point chainage  : 107.085 m
  Lowest point RL        : 136.735 m
  Interior RMS residual  : 0.0319 m
  Maximum residual       : 0.0662 m

Frac     Ch A(m)     Ch B(m)       RL A        RL B      dZ(B-A)     3D Sep(m)
--------------------------------------------------------------------------------
0.000       0.000       0.000     142.156     142.161        0.005        9.802
0.002       0.499       0.500     142.107     142.110        0.004        9.802
0.005       0.998       1.001     142.057     142.060        0.003        9.802
0.007       1.497       1.501     142.008     142.010        0.001        9.802
0.009       1.996       2.001     141.960     141.960        0.000        9.801
0.011       2.495       2.501     141.911     141.910       -0.001        9.801
0.014       2.994       3.002     141.863     141.861       -0.002        9.801
0.016       3.493       3.502     141.815     141.812       -0.003        9.801
0.018       3.992       4.002     141.767     141.763       -0.004        9.801
0.020       4.491       4.502     141.720     141.714       -0.006        9.800
0.023       4.990       5.003     141.672     141.665       -0.007        9.800
0.025       5.489       5.503     141.625     141.617       -0.008        9.800
0.027       5.988       6.003     141.578     141.569       -0.009        9.800
0.029       6.487       6.504     141.532     141.521       -0.010        9.800
0.032       6.986       7.004     141.485     141.474       -0.011        9.799
0.034       7.485       7.504     141.439     141.427       -0.012        9.799
0.036       7.984       8.004     141.393     141.380       -0.014        9.799
0.039       8.483       8.505     141.347     141.333       -0.015        9.799
0.041       8.982       9.005     141.302     141.286       -0.016        9.799
0.043       9.481       9.505     141.257     141.240       -0.017        9.798
0.045       9.980      10.005     141.212     141.194       -0.018        9.798
0.048      10.479      10.506     141.167     141.148       -0.019        9.798
0.050      10.978      11.006     141.122     141.102       -0.020        9.798
0.052      11.477      11.506     141.078     141.057       -0.021        9.798
0.054      11.976      12.007     141.034     141.012       -0.022        9.797
0.057      12.475      12.507     140.990     140.967       -0.023        9.797
0.059      12.974      13.007     140.947     140.922       -0.025        9.797
0.061      13.473      13.507     140.903     140.878       -0.026        9.797
0.063      13.972      14.008     140.860     140.833       -0.027        9.797
0.066      14.471      14.508     140.817     140.790       -0.028        9.796
0.068      14.970      15.008     140.775     140.746       -0.029        9.796
0.070      15.469      15.509     140.732     140.702       -0.030        9.796
0.073      15.968      16.009     140.690     140.659       -0.031        9.796
0.075      16.467      16.509     140.648     140.616       -0.032        9.796
0.077      16.966      17.009     140.606     140.573       -0.033        9.795
0.079      17.465      17.510     140.565     140.531       -0.034        9.795
0.082      17.964      18.010     140.523     140.488       -0.035        9.795
0.084      18.463      18.510     140.482     140.446       -0.036        9.795
0.086      18.962      19.010     140.442     140.405       -0.037        9.795
0.088      19.461      19.511     140.401     140.363       -0.038        9.794
0.091      19.960      20.011     140.361     140.322       -0.039        9.794
0.093      20.459      20.511     140.320     140.280       -0.040        9.794
0.095      20.958      21.012     140.281     140.240       -0.041        9.794
0.098      21.457      21.512     140.241     140.199       -0.042        9.794
0.100      21.956      22.012     140.201     140.159       -0.043        9.793
0.102      22.455      22.512     140.162     140.118       -0.044        9.793
0.104      22.954      23.013     140.123     140.078       -0.045        9.793
0.107      23.453      23.513     140.085     140.039       -0.046        9.793
0.109      23.952      24.013     140.046     139.999       -0.047        9.793
0.111      24.451      24.513     140.008     139.960       -0.048        9.792
0.113      24.950      25.014     139.970     139.921       -0.049        9.792
0.116      25.449      25.514     139.932     139.882       -0.050        9.792
0.118      25.948      26.014     139.894     139.844       -0.051        9.792
0.120      26.447      26.515     139.857     139.806       -0.052        9.792
0.122      26.946      27.015     139.820     139.768       -0.052        9.791
0.125      27.445      27.515     139.783     139.730       -0.053        9.791
0.127      27.944      28.015     139.747     139.692       -0.054        9.791
0.129      28.442      28.516     139.710     139.655       -0.055        9.791
0.132      28.941      29.016     139.674     139.618       -0.056        9.791
0.134      29.440      29.516     139.638     139.581       -0.057        9.790
0.136      29.939      30.016     139.602     139.544       -0.058        9.790
0.138      30.438      30.517     139.567     139.508       -0.059        9.790
0.141      30.937      31.017     139.532     139.472       -0.060        9.790
0.143      31.436      31.517     139.497     139.436       -0.061        9.790
0.145      31.935      32.018     139.462     139.400       -0.061        9.789
0.147      32.434      32.518     139.427     139.365       -0.062        9.789
0.150      32.933      33.018     139.393     139.330       -0.063        9.789
0.152      33.432      33.518     139.359     139.295       -0.064        9.789
0.154      33.931      34.019     139.325     139.260       -0.065        9.789
0.156      34.430      34.519     139.291     139.226       -0.066        9.788
0.159      34.929      35.019     139.258     139.191       -0.067        9.788
0.161      35.428      35.519     139.225     139.157       -0.067        9.788
0.163      35.927      36.020     139.192     139.124       -0.068        9.788
0.166      36.426      36.520     139.159     139.090       -0.069        9.788
0.168      36.925      37.020     139.127     139.057       -0.070        9.788
0.170      37.424      37.521     139.095     139.024       -0.071        9.787
0.172      37.923      38.021     139.063     138.991       -0.072        9.787
0.175      38.422      38.521     139.031     138.958       -0.072        9.787
0.177      38.921      39.021     138.999     138.926       -0.073        9.787
0.179      39.420      39.522     138.968     138.894       -0.074        9.787
0.181      39.919      40.022     138.937     138.862       -0.075        9.786
0.184      40.418      40.522     138.906     138.830       -0.076        9.786
0.186      40.917      41.023     138.876     138.799       -0.076        9.786
0.188      41.416      41.523     138.845     138.768       -0.077        9.786
0.190      41.915      42.023     138.815     138.737       -0.078        9.786
0.193      42.414      42.523     138.785     138.706       -0.079        9.785
0.195      42.913      43.024     138.755     138.676       -0.080        9.785
0.197      43.412      43.524     138.726     138.646       -0.080        9.785
0.200      43.911      44.024     138.697     138.616       -0.081        9.785
0.202      44.410      44.524     138.668     138.586       -0.082        9.785
0.204      44.909      45.025     138.639     138.557       -0.083        9.785
0.206      45.408      45.525     138.611     138.527       -0.083        9.784
0.209      45.907      46.025     138.582     138.498       -0.084        9.784
0.211      46.406      46.526     138.554     138.469       -0.085        9.784
0.213      46.905      47.026     138.526     138.441       -0.085        9.784
0.215      47.404      47.526     138.499     138.413       -0.086        9.784
0.218      47.903      48.026     138.471     138.385       -0.087        9.783
0.220      48.402      48.527     138.444     138.357       -0.088        9.783
0.222      48.901      49.027     138.417     138.329       -0.088        9.783
0.224      49.400      49.527     138.391     138.302       -0.089        9.783
0.227      49.899      50.027     138.364     138.275       -0.090        9.783
0.229      50.398      50.528     138.338     138.248       -0.090        9.782
0.231      50.897      51.028     138.312     138.221       -0.091        9.782
0.234      51.396      51.528     138.286     138.195       -0.092        9.782
0.236      51.895      52.029     138.261     138.169       -0.092        9.782
0.238      52.394      52.529     138.236     138.143       -0.093        9.782
0.240      52.893      53.029     138.211     138.117       -0.094        9.782
0.243      53.392      53.529     138.186     138.091       -0.094        9.781
0.245      53.891      54.030     138.161     138.066       -0.095        9.781
0.247      54.390      54.530     138.137     138.041       -0.096        9.781
0.249      54.889      55.030     138.113     138.016       -0.096        9.781
0.252      55.388      55.530     138.089     137.992       -0.097        9.781
0.254      55.887      56.031     138.065     137.968       -0.098        9.780
0.256      56.386      56.531     138.042     137.944       -0.098        9.780
0.259      56.885      57.031     138.019     137.920       -0.099        9.780
0.261      57.384      57.532     137.996     137.896       -0.100        9.780
0.263      57.883      58.032     137.973     137.873       -0.100        9.780
0.265      58.382      58.532     137.951     137.850       -0.101        9.780
0.268      58.881      59.032     137.928     137.827       -0.101        9.779
0.270      59.380      59.533     137.906     137.804       -0.102        9.779
0.272      59.879      60.033     137.885     137.782       -0.103        9.779
0.274      60.378      60.533     137.863     137.760       -0.103        9.779
0.277      60.877      61.033     137.842     137.738       -0.104        9.779
0.279      61.376      61.534     137.821     137.716       -0.104        9.778
0.281      61.875      62.034     137.800     137.695       -0.105        9.778
0.283      62.374      62.534     137.779     137.674       -0.106        9.778
0.286      62.873      63.035     137.759     137.653       -0.106        9.778
0.288      63.372      63.535     137.739     137.632       -0.107        9.778
0.290      63.871      64.035     137.719     137.611       -0.107        9.778
0.293      64.370      64.535     137.699     137.591       -0.108        9.777
0.295      64.869      65.036     137.679     137.571       -0.108        9.777
0.297      65.368      65.536     137.660     137.551       -0.109        9.777
0.299      65.867      66.036     137.641     137.532       -0.109        9.777
0.302      66.366      66.536     137.622     137.513       -0.110        9.777
0.304      66.865      67.037     137.604     137.493       -0.110        9.776
0.306      67.364      67.537     137.586     137.475       -0.111        9.776
0.308      67.863      68.037     137.568     137.456       -0.111        9.776
0.311      68.362      68.538     137.550     137.438       -0.112        9.776
0.313      68.861      69.038     137.532     137.420       -0.112        9.776
0.315      69.360      69.538     137.515     137.402       -0.113        9.776
0.317      69.859      70.038     137.498     137.384       -0.113        9.775
0.320      70.358      70.539     137.481     137.367       -0.114        9.775
0.322      70.857      71.039     137.464     137.349       -0.114        9.775
0.324      71.356      71.539     137.447     137.333       -0.115        9.775
0.327      71.855      72.040     137.431     137.316       -0.115        9.775
0.329      72.354      72.540     137.415     137.299       -0.116        9.774
0.331      72.853      73.040     137.399     137.283       -0.116        9.774
0.333      73.352      73.540     137.384     137.267       -0.117        9.774
0.336      73.851      74.041     137.369     137.251       -0.117        9.774
0.338      74.350      74.541     137.354     137.236       -0.118        9.774
0.340      74.849      75.041     137.339     137.221       -0.118        9.774
0.342      75.348      75.541     137.324     137.206       -0.119        9.773
0.345      75.847      76.042     137.310     137.191       -0.119        9.773
0.347      76.346      76.542     137.296     137.176       -0.119        9.773
0.349      76.845      77.042     137.282     137.162       -0.120        9.773
0.351      77.344      77.543     137.268     137.148       -0.120        9.773
0.354      77.843      78.043     137.255     137.134       -0.121        9.773
0.356      78.342      78.543     137.241     137.120       -0.121        9.772
0.358      78.841      79.043     137.228     137.107       -0.121        9.772
0.361      79.340      79.544     137.216     137.094       -0.122        9.772
0.363      79.839      80.044     137.203     137.081       -0.122        9.772
0.365      80.338      80.544     137.191     137.068       -0.123        9.772
0.367      80.837      81.044     137.179     137.056       -0.123        9.771
0.370      81.336      81.545     137.167     137.044       -0.123        9.771
0.372      81.835      82.045     137.155     137.032       -0.124        9.771
0.374      82.334      82.545     137.144     137.020       -0.124        9.771
0.376      82.833      83.046     137.133     137.008       -0.125        9.771
0.379      83.332      83.546     137.122     136.997       -0.125        9.771
0.381      83.831      84.046     137.111     136.986       -0.125        9.770
0.383      84.329      84.546     137.101     136.975       -0.126        9.770
0.385      84.828      85.047     137.091     136.965       -0.126        9.770
0.388      85.327      85.547     137.081     136.954       -0.126        9.770
0.390      85.826      86.047     137.071     136.944       -0.127        9.770
0.392      86.325      86.547     137.062     136.935       -0.127        9.770
0.395      86.824      87.048     137.052     136.925       -0.127        9.769
0.397      87.323      87.548     137.043     136.916       -0.128        9.769
0.399      87.822      88.048     137.034     136.906       -0.128        9.769
0.401      88.321      88.549     137.026     136.898       -0.128        9.769
0.404      88.820      89.049     137.017     136.889       -0.128        9.769
0.406      89.319      89.549     137.009     136.881       -0.129        9.768
0.408      89.818      90.049     137.001     136.872       -0.129        9.768
0.410      90.317      90.550     136.994     136.864       -0.129        9.768
0.413      90.816      91.050     136.986     136.857       -0.130        9.768
0.415      91.315      91.550     136.979     136.849       -0.130        9.768
0.417      91.814      92.050     136.972     136.842       -0.130        9.768
0.420      92.313      92.551     136.966     136.835       -0.130        9.767
0.422      92.812      93.051     136.959     136.828       -0.131        9.767
0.424      93.311      93.551     136.953     136.822       -0.131        9.767
0.426      93.810      94.052     136.947     136.815       -0.131        9.767
0.429      94.309      94.552     136.941     136.809       -0.131        9.767
0.431      94.808      95.052     136.935     136.804       -0.132        9.767
0.433      95.307      95.552     136.930     136.798       -0.132        9.766
0.435      95.806      96.053     136.925     136.793       -0.132        9.766
0.438      96.305      96.553     136.920     136.788       -0.132        9.766
0.440      96.804      97.053     136.915     136.783       -0.133        9.766
0.442      97.303      97.554     136.911     136.778       -0.133        9.766
0.444      97.802      98.054     136.907     136.774       -0.133        9.766
0.447      98.301      98.554     136.903     136.770       -0.133        9.765
0.449      98.800      99.054     136.899     136.766       -0.133        9.765
0.451      99.299      99.555     136.896     136.762       -0.134        9.765
0.454      99.798     100.055     136.892     136.759       -0.134        9.765
0.456     100.297     100.555     136.889     136.755       -0.134        9.765
0.458     100.796     101.055     136.887     136.752       -0.134        9.765
0.460     101.295     101.556     136.884     136.750       -0.134        9.764
0.463     101.794     102.056     136.882     136.747       -0.135        9.764
0.465     102.293     102.556     136.880     136.745       -0.135        9.764
0.467     102.792     103.057     136.878     136.743       -0.135        9.764
0.469     103.291     103.557     136.876     136.741       -0.135        9.764
0.472     103.790     104.057     136.875     136.739       -0.135        9.763
0.474     104.289     104.557     136.874     136.738       -0.135        9.763
0.476     104.788     105.058     136.873     136.737       -0.136        9.763
0.478     105.287     105.558     136.872     136.736       -0.136        9.763
0.481     105.786     106.058     136.871     136.736       -0.136        9.763
0.483     106.285     106.558     136.871     136.735       -0.136        9.763
0.485     106.784     107.059     136.871     136.735       -0.136        9.762
0.488     107.283     107.559     136.871     136.735       -0.136        9.762
0.490     107.782     108.059     136.872     136.736       -0.136        9.762
0.492     108.281     108.560     136.873     136.736       -0.136        9.762
0.494     108.780     109.060     136.873     136.737       -0.136        9.762
0.497     109.279     109.560     136.875     136.738       -0.137        9.762
0.499     109.778     110.060     136.876     136.739       -0.137        9.761
0.501     110.277     110.561     136.878     136.741       -0.137        9.761
0.503     110.776     111.061     136.879     136.743       -0.137        9.761
0.506     111.275     111.561     136.882     136.745       -0.137        9.761
0.508     111.774     112.061     136.884     136.747       -0.137        9.761
0.510     112.273     112.562     136.886     136.749       -0.137        9.761
0.512     112.772     113.062     136.889     136.752       -0.137        9.760
0.515     113.271     113.562     136.892     136.755       -0.137        9.760
0.517     113.770     114.063     136.895     136.758       -0.137        9.760
0.519     114.269     114.563     136.899     136.762       -0.137        9.760
0.522     114.768     115.063     136.903     136.765       -0.137        9.760
0.524     115.267     115.563     136.906     136.769       -0.137        9.760
0.526     115.766     116.064     136.911     136.773       -0.137        9.759
0.528     116.265     116.564     136.915     136.778       -0.137        9.759
0.531     116.764     117.064     136.920     136.782       -0.137        9.759
0.533     117.263     117.564     136.924     136.787       -0.137        9.759
0.535     117.762     118.065     136.930     136.792       -0.137        9.759
0.537     118.261     118.565     136.935     136.797       -0.137        9.759
0.540     118.760     119.065     136.940     136.803       -0.137        9.758
0.542     119.259     119.566     136.946     136.809       -0.137        9.758
0.544     119.758     120.066     136.952     136.815       -0.137        9.758
0.546     120.257     120.566     136.958     136.821       -0.137        9.758
0.549     120.756     121.066     136.965     136.828       -0.137        9.758
0.551     121.255     121.567     136.972     136.834       -0.137        9.758
0.553     121.754     122.067     136.979     136.841       -0.137        9.757
0.556     122.253     122.567     136.986     136.848       -0.137        9.757
0.558     122.752     123.068     136.993     136.856       -0.137        9.757
0.560     123.251     123.568     137.001     136.864       -0.137        9.757
0.562     123.750     124.068     137.009     136.872       -0.137        9.757
0.565     124.249     124.568     137.017     136.880       -0.137        9.757
0.567     124.748     125.069     137.025     136.888       -0.137        9.756
0.569     125.247     125.569     137.034     136.897       -0.137        9.756
0.571     125.746     126.069     137.042     136.906       -0.137        9.756
0.574     126.245     126.569     137.051     136.915       -0.137        9.756
0.576     126.744     127.070     137.061     136.924       -0.137        9.756
0.578     127.243     127.570     137.070     136.934       -0.137        9.756
0.580     127.742     128.070     137.080     136.943       -0.137        9.755
0.583     128.241     128.571     137.090     136.953       -0.136        9.755
0.585     128.740     129.071     137.100     136.964       -0.136        9.755
0.587     129.239     129.571     137.110     136.974       -0.136        9.755
0.590     129.738     130.071     137.121     136.985       -0.136        9.755
0.592     130.237     130.572     137.132     136.996       -0.136        9.755
0.594     130.736     131.072     137.143     137.007       -0.136        9.754
0.596     131.235     131.572     137.154     137.019       -0.136        9.754
0.599     131.734     132.072     137.166     137.030       -0.136        9.754
0.601     132.233     132.573     137.178     137.042       -0.136        9.754
0.603     132.732     133.073     137.190     137.054       -0.135        9.754
0.605     133.231     133.573     137.202     137.067       -0.135        9.754
0.608     133.730     134.074     137.215     137.080       -0.135        9.753
0.610     134.229     134.574     137.227     137.092       -0.135        9.753
0.612     134.728     135.074     137.240     137.106       -0.135        9.753
0.615     135.227     135.574     137.254     137.119       -0.135        9.753
0.617     135.726     136.075     137.267     137.132       -0.134        9.753
0.619     136.225     136.575     137.281     137.146       -0.134        9.753
0.621     136.724     137.075     137.294     137.160       -0.134        9.752
0.624     137.223     137.575     137.309     137.175       -0.134        9.752
0.626     137.722     138.076     137.323     137.189       -0.134        9.752
0.628     138.221     138.576     137.338     137.204       -0.134        9.752
0.630     138.720     139.076     137.352     137.219       -0.133        9.752
0.633     139.219     139.577     137.367     137.234       -0.133        9.752
0.635     139.718     140.077     137.383     137.250       -0.133        9.751
0.637     140.216     140.577     137.398     137.265       -0.133        9.751
0.639     140.715     141.077     137.414     137.281       -0.132        9.751
0.642     141.214     141.578     137.430     137.298       -0.132        9.751
0.644     141.713     142.078     137.446     137.314       -0.132        9.751
0.646     142.212     142.578     137.463     137.331       -0.132        9.751
0.649     142.711     143.078     137.479     137.348       -0.132        9.750
0.651     143.210     143.579     137.496     137.365       -0.131        9.750
0.653     143.709     144.079     137.513     137.382       -0.131        9.750
0.655     144.208     144.579     137.531     137.400       -0.131        9.750
0.658     144.707     145.080     137.548     137.418       -0.131        9.750
0.660     145.206     145.580     137.566     137.436       -0.130        9.750
0.662     145.705     146.080     137.584     137.454       -0.130        9.749
0.664     146.204     146.580     137.602     137.473       -0.130        9.749
0.667     146.703     147.081     137.621     137.491       -0.129        9.749
0.669     147.202     147.581     137.640     137.511       -0.129        9.749
0.671     147.701     148.081     137.659     137.530       -0.129        9.749
0.673     148.200     148.582     137.678     137.549       -0.129        9.749
0.676     148.699     149.082     137.697     137.569       -0.128        9.748
0.678     149.198     149.582     137.717     137.589       -0.128        9.748
0.680     149.697     150.082     137.737     137.609       -0.128        9.748
0.683     150.196     150.583     137.757     137.630       -0.127        9.748
0.685     150.695     151.083     137.777     137.650       -0.127        9.748
0.687     151.194     151.583     137.798     137.671       -0.127        9.748
0.689     151.693     152.083     137.819     137.693       -0.126        9.748
0.692     152.192     152.584     137.840     137.714       -0.126        9.747
0.694     152.691     153.084     137.861     137.736       -0.126        9.747
0.696     153.190     153.584     137.883     137.757       -0.125        9.747
0.698     153.689     154.085     137.905     137.780       -0.125        9.747
0.701     154.188     154.585     137.927     137.802       -0.125        9.747
0.703     154.687     155.085     137.949     137.825       -0.124        9.747
0.705     155.186     155.585     137.971     137.847       -0.124        9.746
0.707     155.685     156.086     137.994     137.870       -0.123        9.746
0.710     156.184     156.586     138.017     137.894       -0.123        9.746
0.712     156.683     157.086     138.040     137.917       -0.123        9.746
0.714     157.182     157.586     138.063     137.941       -0.122        9.746
0.717     157.681     158.087     138.087     137.965       -0.122        9.746
0.719     158.180     158.587     138.111     137.989       -0.122        9.745
0.721     158.679     159.087     138.135     138.014       -0.121        9.745
0.723     159.178     159.588     138.159     138.039       -0.121        9.745
0.726     159.677     160.088     138.184     138.064       -0.120        9.745
0.728     160.176     160.588     138.209     138.089       -0.120        9.745
0.730     160.675     161.088     138.234     138.114       -0.119        9.745
0.732     161.174     161.589     138.259     138.140       -0.119        9.744
0.735     161.673     162.089     138.284     138.166       -0.119        9.744
0.737     162.172     162.589     138.310     138.192       -0.118        9.744
0.739     162.671     163.089     138.336     138.218       -0.118        9.744
0.741     163.170     163.590     138.362     138.245       -0.117        9.744
0.744     163.669     164.090     138.389     138.272       -0.117        9.744
0.746     164.168     164.590     138.415     138.299       -0.116        9.744
0.748     164.667     165.091     138.442     138.326       -0.116        9.743
0.751     165.166     165.591     138.469     138.354       -0.115        9.743
0.753     165.665     166.091     138.497     138.382       -0.115        9.743
0.755     166.164     166.591     138.524     138.410       -0.115        9.743
0.757     166.663     167.092     138.552     138.438       -0.114        9.743
0.760     167.162     167.592     138.580     138.466       -0.114        9.743
0.762     167.661     168.092     138.608     138.495       -0.113        9.742
0.764     168.160     168.592     138.637     138.524       -0.113        9.742
0.766     168.659     169.093     138.665     138.553       -0.112        9.742
0.769     169.158     169.593     138.694     138.583       -0.112        9.742
0.771     169.657     170.093     138.724     138.613       -0.111        9.742
0.773     170.156     170.594     138.753     138.642       -0.111        9.742
0.776     170.655     171.094     138.783     138.673       -0.110        9.741
0.778     171.154     171.594     138.813     138.703       -0.109        9.741
0.780     171.653     172.094     138.843     138.734       -0.109        9.741
0.782     172.152     172.595     138.873     138.765       -0.108        9.741
0.785     172.651     173.095     138.904     138.796       -0.108        9.741
0.787     173.150     173.595     138.934     138.827       -0.107        9.741
0.789     173.649     174.095     138.965     138.859       -0.107        9.741
0.791     174.148     174.596     138.997     138.891       -0.106        9.740
0.794     174.647     175.096     139.028     138.923       -0.106        9.740
0.796     175.146     175.596     139.060     138.955       -0.105        9.740
0.798     175.645     176.097     139.092     138.987       -0.104        9.740
0.800     176.144     176.597     139.124     139.020       -0.104        9.740
0.803     176.643     177.097     139.157     139.053       -0.103        9.740
0.805     177.142     177.597     139.189     139.087       -0.103        9.739
0.807     177.641     178.098     139.222     139.120       -0.102        9.739
0.810     178.140     178.598     139.255     139.154       -0.102        9.739
0.812     178.639     179.098     139.289     139.188       -0.101        9.739
0.814     179.138     179.599     139.322     139.222       -0.100        9.739
0.816     179.637     180.099     139.356     139.256       -0.100        9.739
0.819     180.136     180.599     139.390     139.291       -0.099        9.739
0.821     180.635     181.099     139.424     139.326       -0.098        9.738
0.823     181.134     181.600     139.459     139.361       -0.098        9.738
0.825     181.633     182.100     139.494     139.397       -0.097        9.738
0.828     182.132     182.600     139.529     139.432       -0.097        9.738
0.830     182.631     183.100     139.564     139.468       -0.096        9.738
0.832     183.130     183.601     139.599     139.504       -0.095        9.738
0.834     183.629     184.101     139.635     139.541       -0.095        9.737
0.837     184.128     184.601     139.671     139.577       -0.094        9.737
0.839     184.627     185.102     139.707     139.614       -0.093        9.737
0.841     185.126     185.602     139.744     139.651       -0.093        9.737
0.844     185.625     186.102     139.780     139.688       -0.092        9.737
0.846     186.124     186.602     139.817     139.726       -0.091        9.737
0.848     186.623     187.103     139.854     139.764       -0.091        9.737
0.850     187.122     187.603     139.891     139.802       -0.090        9.736
0.853     187.621     188.103     139.929     139.840       -0.089        9.736
0.855     188.120     188.603     139.967     139.878       -0.088        9.736
0.857     188.619     189.104     140.005     139.917       -0.088        9.736
0.859     189.118     189.604     140.043     139.956       -0.087        9.736
0.862     189.617     190.104     140.081     139.995       -0.086        9.736
0.864     190.116     190.605     140.120     140.035       -0.086        9.735
0.866     190.615     191.105     140.159     140.074       -0.085        9.735
0.868     191.114     191.605     140.198     140.114       -0.084        9.735
0.871     191.613     192.105     140.238     140.154       -0.083        9.735
0.873     192.112     192.606     140.277     140.195       -0.083        9.735
0.875     192.611     193.106     140.317     140.235       -0.082        9.735
0.878     193.110     193.606     140.357     140.276       -0.081        9.735
0.880     193.609     194.106     140.398     140.317       -0.080        9.734
0.882     194.108     194.607     140.438     140.359       -0.080        9.734
0.884     194.607     195.107     140.479     140.400       -0.079        9.734
0.887     195.106     195.607     140.520     140.442       -0.078        9.734
0.889     195.605     196.108     140.561     140.484       -0.077        9.734
0.891     196.104     196.608     140.603     140.526       -0.077        9.734
0.893     196.602     197.108     140.644     140.569       -0.076        9.734
0.896     197.101     197.608     140.686     140.611       -0.075        9.733
0.898     197.600     198.109     140.729     140.654       -0.074        9.733
0.900     198.099     198.609     140.771     140.698       -0.073        9.733
0.902     198.598     199.109     140.814     140.741       -0.073        9.733
0.905     199.097     199.609     140.857     140.785       -0.072        9.733
0.907     199.596     200.110     140.900     140.829       -0.071        9.733
0.909     200.095     200.610     140.943     140.873       -0.070        9.733
0.912     200.594     201.110     140.987     140.917       -0.069        9.732
0.914     201.093     201.611     141.030     140.962       -0.068        9.732
0.916     201.592     202.111     141.075     141.007       -0.068        9.732
0.918     202.091     202.611     141.119     141.052       -0.067        9.732
0.921     202.590     203.111     141.163     141.097       -0.066        9.732
0.923     203.089     203.612     141.208     141.143       -0.065        9.732
0.925     203.588     204.112     141.253     141.189       -0.064        9.732
0.927     204.087     204.612     141.298     141.235       -0.063        9.731
0.930     204.586     205.113     141.344     141.281       -0.062        9.731
0.932     205.085     205.613     141.389     141.328       -0.062        9.731
0.934     205.584     206.113     141.435     141.375       -0.061        9.731
0.937     206.083     206.613     141.481     141.422       -0.060        9.731
0.939     206.582     207.114     141.528     141.469       -0.059        9.731
0.941     207.081     207.614     141.574     141.516       -0.058        9.731
0.943     207.580     208.114     141.621     141.564       -0.057        9.730
0.946     208.079     208.614     141.668     141.612       -0.056        9.730
0.948     208.578     209.115     141.716     141.660       -0.055        9.730
0.950     209.077     209.615     141.763     141.709       -0.054        9.730
0.952     209.576     210.115     141.811     141.758       -0.053        9.730
0.955     210.075     210.616     141.859     141.806       -0.053        9.730
0.957     210.574     211.116     141.907     141.856       -0.052        9.730
0.959     211.073     211.616     141.956     141.905       -0.051        9.729
0.961     211.572     212.116     142.004     141.955       -0.050        9.729
0.964     212.071     212.617     142.053     142.005       -0.049        9.729
0.966     212.570     213.117     142.103     142.055       -0.048        9.729
0.968     213.069     213.617     142.152     142.105       -0.047        9.729
0.971     213.568     214.117     142.202     142.156       -0.046        9.729
0.973     214.067     214.618     142.251     142.206       -0.045        9.729
0.975     214.566     215.118     142.302     142.258       -0.044        9.728
0.977     215.065     215.618     142.352     142.309       -0.043        9.728
0.980     215.564     216.119     142.402     142.360       -0.042        9.728
0.982     216.063     216.619     142.453     142.412       -0.041        9.728
0.984     216.562     217.119     142.504     142.464       -0.040        9.728
0.986     217.061     217.619     142.556     142.516       -0.039        9.728
0.989     217.560     218.120     142.607     142.569       -0.038        9.728
0.991     218.059     218.620     142.659     142.622       -0.037        9.727
0.993     218.558     219.120     142.711     142.675       -0.036        9.727
0.995     219.057     219.620     142.763     142.728       -0.035        9.727
0.998     219.556     220.121     142.815     142.781       -0.034        9.727
1.000     220.055     220.621     142.868     142.835       -0.033        9.727
--------------------------------------------------------------------------------

COMPARISON SUMMARY
  Minimum 3D separation  : 9.727 m
  At fraction             : 1.0000
  String A chainage       : 220.055 m
  String B chainage       : 220.621 m
  Mean 3D separation      : 9.762 m

  Minimum abs vertical    : 0.000 m
  At fraction             : 0.0091
  Maximum abs vertical    : 0.137 m
  At fraction             : 0.5397
  Vertical difference RMS : 0.103 m

TRUE MINIMUM 3D SPATIAL SEPARATION
  Minimum spatial distance : 9.7063 m
  String A chainage        : 220.055 m
  String B chainage        : 219.992 m
  Fraction A               : 1.000000
  Fraction B               : 0.997149
  Plan separation          : 9.7058 m
  Vertical B-A             : -0.1005 m

  Point on A
    Easting                : 371462.068
    Northing               : 5977114.803
    RL                     : 142.868
  Point on B
    Easting                : 371471.774
    Northing               : 5977114.796
    RL                     : 142.768

Prototype 2 is report-only.
No 12d elements are created or modified.
============================================================
